2024/07/19-16:59:05.844369 7f30fa9eecc0 RocksDB version: 6.17.0
2024/07/19-16:59:05.844482 7f30fa9eecc0 Git sha 0
2024/07/19-16:59:05.844525 7f30fa9eecc0 DB SUMMARY
2024/07/19-16:59:05.844526 7f30fa9eecc0 DB Session ID:  N580BYIBD66S7M79XWV6
2024/07/19-16:59:05.844556 7f30fa9eecc0 CURRENT file:  CURRENT
2024/07/19-16:59:05.844557 7f30fa9eecc0 IDENTITY file:  IDENTITY
2024/07/19-16:59:05.844560 7f30fa9eecc0 MANIFEST file:  MANIFEST-000423 size: 6346 Bytes
2024/07/19-16:59:05.844561 7f30fa9eecc0 SST files in /home/danielonsombi/Web-Development-Bootcamp/22.0 Internet Computer Projects/dbank/.dfx/state/replicated_state/node-100/ic_consensus_pool/consensus dir, Total Num: 12, files: 000427.sst 000428.sst 000429.sst 000430.sst 000431.sst 000432.sst 000433.sst 000434.sst 000435.sst 
2024/07/19-16:59:05.844562 7f30fa9eecc0 Write Ahead Log file in /home/danielonsombi/Web-Development-Bootcamp/22.0 Internet Computer Projects/dbank/.dfx/state/replicated_state/node-100/ic_consensus_pool/consensus: 000424.log size: 800587 ; 
2024/07/19-16:59:05.844563 7f30fa9eecc0                         Options.error_if_exists: 0
2024/07/19-16:59:05.844564 7f30fa9eecc0                       Options.create_if_missing: 1
2024/07/19-16:59:05.844564 7f30fa9eecc0                         Options.paranoid_checks: 1
2024/07/19-16:59:05.844565 7f30fa9eecc0                               Options.track_and_verify_wals_in_manifest: 0
2024/07/19-16:59:05.844565 7f30fa9eecc0                                     Options.env: 0x5624f133a380
2024/07/19-16:59:05.844566 7f30fa9eecc0                                      Options.fs: Posix File System
2024/07/19-16:59:05.844567 7f30fa9eecc0                                Options.info_log: 0x56252a9828c0
2024/07/19-16:59:05.844567 7f30fa9eecc0                Options.max_file_opening_threads: 16
2024/07/19-16:59:05.844568 7f30fa9eecc0                              Options.statistics: (nil)
2024/07/19-16:59:05.844568 7f30fa9eecc0                               Options.use_fsync: 1
2024/07/19-16:59:05.844569 7f30fa9eecc0                       Options.max_log_file_size: 0
2024/07/19-16:59:05.844569 7f30fa9eecc0                  Options.max_manifest_file_size: 1073741824
2024/07/19-16:59:05.844570 7f30fa9eecc0                   Options.log_file_time_to_roll: 0
2024/07/19-16:59:05.844570 7f30fa9eecc0                       Options.keep_log_file_num: 1000
2024/07/19-16:59:05.844571 7f30fa9eecc0                    Options.recycle_log_file_num: 0
2024/07/19-16:59:05.844571 7f30fa9eecc0                         Options.allow_fallocate: 1
2024/07/19-16:59:05.844572 7f30fa9eecc0                        Options.allow_mmap_reads: 0
2024/07/19-16:59:05.844572 7f30fa9eecc0                       Options.allow_mmap_writes: 0
2024/07/19-16:59:05.844573 7f30fa9eecc0                        Options.use_direct_reads: 0
2024/07/19-16:59:05.844573 7f30fa9eecc0                        Options.use_direct_io_for_flush_and_compaction: 0
2024/07/19-16:59:05.844574 7f30fa9eecc0          Options.create_missing_column_families: 1
2024/07/19-16:59:05.844574 7f30fa9eecc0                              Options.db_log_dir: 
2024/07/19-16:59:05.844574 7f30fa9eecc0                                 Options.wal_dir: /home/danielonsombi/Web-Development-Bootcamp/22.0 Internet Computer Projects/dbank/.dfx/state/replicated_state/node-100/ic_consensus_pool/consensus
2024/07/19-16:59:05.844575 7f30fa9eecc0                Options.table_cache_numshardbits: 6
2024/07/19-16:59:05.844575 7f30fa9eecc0                         Options.WAL_ttl_seconds: 0
2024/07/19-16:59:05.844576 7f30fa9eecc0                       Options.WAL_size_limit_MB: 0
2024/07/19-16:59:05.844576 7f30fa9eecc0                        Options.max_write_batch_group_size_bytes: 1048576
2024/07/19-16:59:05.844577 7f30fa9eecc0             Options.manifest_preallocation_size: 4194304
2024/07/19-16:59:05.844577 7f30fa9eecc0                     Options.is_fd_close_on_exec: 1
2024/07/19-16:59:05.844578 7f30fa9eecc0                   Options.advise_random_on_open: 1
2024/07/19-16:59:05.844578 7f30fa9eecc0                    Options.db_write_buffer_size: 0
2024/07/19-16:59:05.844579 7f30fa9eecc0                    Options.write_buffer_manager: 0x56252a982bb0
2024/07/19-16:59:05.844584 7f30fa9eecc0         Options.access_hint_on_compaction_start: 1
2024/07/19-16:59:05.844585 7f30fa9eecc0  Options.new_table_reader_for_compaction_inputs: 0
2024/07/19-16:59:05.844585 7f30fa9eecc0           Options.random_access_max_buffer_size: 1048576
2024/07/19-16:59:05.844586 7f30fa9eecc0                      Options.use_adaptive_mutex: 0
2024/07/19-16:59:05.844586 7f30fa9eecc0                            Options.rate_limiter: (nil)
2024/07/19-16:59:05.844587 7f30fa9eecc0     Options.sst_file_manager.rate_bytes_per_sec: 0
2024/07/19-16:59:05.844588 7f30fa9eecc0                       Options.wal_recovery_mode: 2
2024/07/19-16:59:05.844588 7f30fa9eecc0                  Options.enable_thread_tracking: 0
2024/07/19-16:59:05.844589 7f30fa9eecc0                  Options.enable_pipelined_write: 0
2024/07/19-16:59:05.844589 7f30fa9eecc0                  Options.unordered_write: 0
2024/07/19-16:59:05.844590 7f30fa9eecc0         Options.allow_concurrent_memtable_write: 1
2024/07/19-16:59:05.844590 7f30fa9eecc0      Options.enable_write_thread_adaptive_yield: 1
2024/07/19-16:59:05.844591 7f30fa9eecc0             Options.write_thread_max_yield_usec: 100
2024/07/19-16:59:05.844591 7f30fa9eecc0            Options.write_thread_slow_yield_usec: 3
2024/07/19-16:59:05.844592 7f30fa9eecc0                               Options.row_cache: None
2024/07/19-16:59:05.844592 7f30fa9eecc0                              Options.wal_filter: None
2024/07/19-16:59:05.844593 7f30fa9eecc0             Options.avoid_flush_during_recovery: 0
2024/07/19-16:59:05.844593 7f30fa9eecc0             Options.allow_ingest_behind: 0
2024/07/19-16:59:05.844594 7f30fa9eecc0             Options.preserve_deletes: 0
2024/07/19-16:59:05.844594 7f30fa9eecc0             Options.two_write_queues: 0
2024/07/19-16:59:05.844594 7f30fa9eecc0             Options.manual_wal_flush: 0
2024/07/19-16:59:05.844595 7f30fa9eecc0             Options.atomic_flush: 0
2024/07/19-16:59:05.844595 7f30fa9eecc0             Options.avoid_unnecessary_blocking_io: 0
2024/07/19-16:59:05.844596 7f30fa9eecc0                 Options.persist_stats_to_disk: 0
2024/07/19-16:59:05.844596 7f30fa9eecc0                 Options.write_dbid_to_manifest: 0
2024/07/19-16:59:05.844597 7f30fa9eecc0                 Options.log_readahead_size: 0
2024/07/19-16:59:05.844597 7f30fa9eecc0                 Options.file_checksum_gen_factory: Unknown
2024/07/19-16:59:05.844598 7f30fa9eecc0                 Options.best_efforts_recovery: 0
2024/07/19-16:59:05.844598 7f30fa9eecc0                Options.max_bgerror_resume_count: 2147483647
2024/07/19-16:59:05.844599 7f30fa9eecc0            Options.bgerror_resume_retry_interval: 1000000
2024/07/19-16:59:05.844599 7f30fa9eecc0             Options.allow_data_in_errors: 0
2024/07/19-16:59:05.844600 7f30fa9eecc0             Options.db_host_id: __hostname__
2024/07/19-16:59:05.844600 7f30fa9eecc0             Options.max_background_jobs: 2
2024/07/19-16:59:05.844601 7f30fa9eecc0             Options.max_background_compactions: -1
2024/07/19-16:59:05.844601 7f30fa9eecc0             Options.max_subcompactions: 1
2024/07/19-16:59:05.844602 7f30fa9eecc0             Options.avoid_flush_during_shutdown: 0
2024/07/19-16:59:05.844602 7f30fa9eecc0           Options.writable_file_max_buffer_size: 1048576
2024/07/19-16:59:05.844602 7f30fa9eecc0             Options.delayed_write_rate : 16777216
2024/07/19-16:59:05.844603 7f30fa9eecc0             Options.max_total_wal_size: 0
2024/07/19-16:59:05.844603 7f30fa9eecc0             Options.delete_obsolete_files_period_micros: 21600000000
2024/07/19-16:59:05.844604 7f30fa9eecc0                   Options.stats_dump_period_sec: 600
2024/07/19-16:59:05.844605 7f30fa9eecc0                 Options.stats_persist_period_sec: 600
2024/07/19-16:59:05.844605 7f30fa9eecc0                 Options.stats_history_buffer_size: 1048576
2024/07/19-16:59:05.844606 7f30fa9eecc0                          Options.max_open_files: -1
2024/07/19-16:59:05.844606 7f30fa9eecc0                          Options.bytes_per_sync: 0
2024/07/19-16:59:05.844609 7f30fa9eecc0                      Options.wal_bytes_per_sync: 0
2024/07/19-16:59:05.844610 7f30fa9eecc0                   Options.strict_bytes_per_sync: 0
2024/07/19-16:59:05.844610 7f30fa9eecc0       Options.compaction_readahead_size: 0
2024/07/19-16:59:05.844611 7f30fa9eecc0                  Options.max_background_flushes: -1
2024/07/19-16:59:05.844611 7f30fa9eecc0 Compression algorithms supported:
2024/07/19-16:59:05.844612 7f30fa9eecc0 	kZSTDNotFinalCompression supported: 1
2024/07/19-16:59:05.844615 7f30fa9eecc0 	kZSTD supported: 1
2024/07/19-16:59:05.844616 7f30fa9eecc0 	kXpressCompression supported: 0
2024/07/19-16:59:05.844616 7f30fa9eecc0 	kLZ4HCCompression supported: 1
2024/07/19-16:59:05.844617 7f30fa9eecc0 	kLZ4Compression supported: 1
2024/07/19-16:59:05.844617 7f30fa9eecc0 	kBZip2Compression supported: 1
2024/07/19-16:59:05.844618 7f30fa9eecc0 	kZlibCompression supported: 1
2024/07/19-16:59:05.844618 7f30fa9eecc0 	kSnappyCompression supported: 1
2024/07/19-16:59:05.844622 7f30fa9eecc0 Fast CRC32 supported: Supported on x86
2024/07/19-16:59:05.844958 7f30fa9eecc0 [db/version_set.cc:4758] Recovering from manifest file: /home/danielonsombi/Web-Development-Bootcamp/22.0 Internet Computer Projects/dbank/.dfx/state/replicated_state/node-100/ic_consensus_pool/consensus/MANIFEST-000423
2024/07/19-16:59:05.845043 7f30fa9eecc0 [db/column_family.cc:595] --------------- Options for column family [default]:
2024/07/19-16:59:05.845045 7f30fa9eecc0               Options.comparator: leveldb.BytewiseComparator
2024/07/19-16:59:05.845046 7f30fa9eecc0           Options.merge_operator: None
2024/07/19-16:59:05.845047 7f30fa9eecc0        Options.compaction_filter: None
2024/07/19-16:59:05.845047 7f30fa9eecc0        Options.compaction_filter_factory: None
2024/07/19-16:59:05.845048 7f30fa9eecc0  Options.sst_partitioner_factory: None
2024/07/19-16:59:05.845048 7f30fa9eecc0         Options.memtable_factory: SkipListFactory
2024/07/19-16:59:05.845049 7f30fa9eecc0            Options.table_factory: BlockBasedTable
2024/07/19-16:59:05.845090 7f30fa9eecc0            table_factory options:   flush_block_policy_factory: FlushBlockBySizePolicyFactory (0x56252a980660)
  cache_index_and_filter_blocks: 0
  cache_index_and_filter_blocks_with_high_priority: 1
  pin_l0_filter_and_index_blocks_in_cache: 0
  pin_top_level_index_and_filter: 1
  index_type: 0
  data_block_index_type: 0
  index_shortening: 1
  data_block_hash_table_util_ratio: 0.750000
  hash_index_allow_collision: 1
  checksum: 1
  no_block_cache: 0
  block_cache: 0x56252a9806b0
  block_cache_name: LRUCache
  block_cache_options:
    capacity : 8388608
    num_shard_bits : 4
    strict_capacity_limit : 0
    memory_allocator : None
    high_pri_pool_ratio: 0.000
  block_cache_compressed: (nil)
  persistent_cache: (nil)
  block_size: 4096
  block_size_deviation: 10
  block_restart_interval: 16
  index_block_restart_interval: 1
  metadata_block_size: 4096
  partition_filters: 0
  use_delta_encoding: 1
  filter_policy: nullptr
  whole_key_filtering: 1
  verify_compression: 0
  read_amp_bytes_per_bit: 0
  format_version: 4
  enable_index_compression: 1
  block_align: 0
2024/07/19-16:59:05.845094 7f30fa9eecc0        Options.write_buffer_size: 67108864
2024/07/19-16:59:05.845094 7f30fa9eecc0  Options.max_write_buffer_number: 2
2024/07/19-16:59:05.845095 7f30fa9eecc0          Options.compression: Snappy
2024/07/19-16:59:05.845096 7f30fa9eecc0                  Options.bottommost_compression: Disabled
2024/07/19-16:59:05.845096 7f30fa9eecc0       Options.prefix_extractor: nullptr
2024/07/19-16:59:05.845097 7f30fa9eecc0   Options.memtable_insert_with_hint_prefix_extractor: nullptr
2024/07/19-16:59:05.845097 7f30fa9eecc0             Options.num_levels: 7
2024/07/19-16:59:05.845098 7f30fa9eecc0        Options.min_write_buffer_number_to_merge: 1
2024/07/19-16:59:05.845098 7f30fa9eecc0     Options.max_write_buffer_number_to_maintain: 0
2024/07/19-16:59:05.845099 7f30fa9eecc0     Options.max_write_buffer_size_to_maintain: 0
2024/07/19-16:59:05.845099 7f30fa9eecc0            Options.bottommost_compression_opts.window_bits: -14
2024/07/19-16:59:05.845123 7f30fa9eecc0                  Options.bottommost_compression_opts.level: 32767
2024/07/19-16:59:05.845124 7f30fa9eecc0               Options.bottommost_compression_opts.strategy: 0
2024/07/19-16:59:05.845125 7f30fa9eecc0         Options.bottommost_compression_opts.max_dict_bytes: 0
2024/07/19-16:59:05.845125 7f30fa9eecc0         Options.bottommost_compression_opts.zstd_max_train_bytes: 0
2024/07/19-16:59:05.845126 7f30fa9eecc0         Options.bottommost_compression_opts.parallel_threads: 1
2024/07/19-16:59:05.845126 7f30fa9eecc0                  Options.bottommost_compression_opts.enabled: false
2024/07/19-16:59:05.845127 7f30fa9eecc0            Options.compression_opts.window_bits: -14
2024/07/19-16:59:05.845128 7f30fa9eecc0                  Options.compression_opts.level: 32767
2024/07/19-16:59:05.845128 7f30fa9eecc0               Options.compression_opts.strategy: 0
2024/07/19-16:59:05.845128 7f30fa9eecc0         Options.compression_opts.max_dict_bytes: 0
2024/07/19-16:59:05.845129 7f30fa9eecc0         Options.compression_opts.zstd_max_train_bytes: 0
2024/07/19-16:59:05.845129 7f30fa9eecc0         Options.compression_opts.parallel_threads: 1
2024/07/19-16:59:05.845130 7f30fa9eecc0                  Options.compression_opts.enabled: false
2024/07/19-16:59:05.845130 7f30fa9eecc0      Options.level0_file_num_compaction_trigger: 4
2024/07/19-16:59:05.845131 7f30fa9eecc0          Options.level0_slowdown_writes_trigger: 20
2024/07/19-16:59:05.845131 7f30fa9eecc0              Options.level0_stop_writes_trigger: 36
2024/07/19-16:59:05.845132 7f30fa9eecc0                   Options.target_file_size_base: 67108864
2024/07/19-16:59:05.845132 7f30fa9eecc0             Options.target_file_size_multiplier: 1
2024/07/19-16:59:05.845133 7f30fa9eecc0                Options.max_bytes_for_level_base: 268435456
2024/07/19-16:59:05.845133 7f30fa9eecc0 Options.level_compaction_dynamic_level_bytes: 0
2024/07/19-16:59:05.845134 7f30fa9eecc0          Options.max_bytes_for_level_multiplier: 10.000000
2024/07/19-16:59:05.845135 7f30fa9eecc0 Options.max_bytes_for_level_multiplier_addtl[0]: 1
2024/07/19-16:59:05.845136 7f30fa9eecc0 Options.max_bytes_for_level_multiplier_addtl[1]: 1
2024/07/19-16:59:05.845136 7f30fa9eecc0 Options.max_bytes_for_level_multiplier_addtl[2]: 1
2024/07/19-16:59:05.845137 7f30fa9eecc0 Options.max_bytes_for_level_multiplier_addtl[3]: 1
2024/07/19-16:59:05.845137 7f30fa9eecc0 Options.max_bytes_for_level_multiplier_addtl[4]: 1
2024/07/19-16:59:05.845138 7f30fa9eecc0 Options.max_bytes_for_level_multiplier_addtl[5]: 1
2024/07/19-16:59:05.845138 7f30fa9eecc0 Options.max_bytes_for_level_multiplier_addtl[6]: 1
2024/07/19-16:59:05.845139 7f30fa9eecc0       Options.max_sequential_skip_in_iterations: 8
2024/07/19-16:59:05.845139 7f30fa9eecc0                    Options.max_compaction_bytes: 1677721600
2024/07/19-16:59:05.845140 7f30fa9eecc0                        Options.arena_block_size: 8388608
2024/07/19-16:59:05.845140 7f30fa9eecc0   Options.soft_pending_compaction_bytes_limit: 68719476736
2024/07/19-16:59:05.845141 7f30fa9eecc0   Options.hard_pending_compaction_bytes_limit: 274877906944
2024/07/19-16:59:05.845141 7f30fa9eecc0       Options.rate_limit_delay_max_milliseconds: 100
2024/07/19-16:59:05.845142 7f30fa9eecc0                Options.disable_auto_compactions: 0
2024/07/19-16:59:05.845143 7f30fa9eecc0                        Options.compaction_style: kCompactionStyleLevel
2024/07/19-16:59:05.845144 7f30fa9eecc0                          Options.compaction_pri: kMinOverlappingRatio
2024/07/19-16:59:05.845144 7f30fa9eecc0 Options.compaction_options_universal.size_ratio: 1
2024/07/19-16:59:05.845145 7f30fa9eecc0 Options.compaction_options_universal.min_merge_width: 2
2024/07/19-16:59:05.845145 7f30fa9eecc0 Options.compaction_options_universal.max_merge_width: 4294967295
2024/07/19-16:59:05.845146 7f30fa9eecc0 Options.compaction_options_universal.max_size_amplification_percent: 200
2024/07/19-16:59:05.845146 7f30fa9eecc0 Options.compaction_options_universal.compression_size_percent: -1
2024/07/19-16:59:05.845150 7f30fa9eecc0 Options.compaction_options_universal.stop_style: kCompactionStopStyleTotalSize
2024/07/19-16:59:05.845150 7f30fa9eecc0 Options.compaction_options_fifo.max_table_files_size: 1073741824
2024/07/19-16:59:05.845151 7f30fa9eecc0 Options.compaction_options_fifo.allow_compaction: 0
2024/07/19-16:59:05.845153 7f30fa9eecc0                   Options.table_properties_collectors: 
2024/07/19-16:59:05.845154 7f30fa9eecc0                   Options.inplace_update_support: 0
2024/07/19-16:59:05.845154 7f30fa9eecc0                 Options.inplace_update_num_locks: 10000
2024/07/19-16:59:05.845155 7f30fa9eecc0               Options.memtable_prefix_bloom_size_ratio: 0.000000
2024/07/19-16:59:05.845156 7f30fa9eecc0               Options.memtable_whole_key_filtering: 0
2024/07/19-16:59:05.845156 7f30fa9eecc0   Options.memtable_huge_page_size: 0
2024/07/19-16:59:05.845157 7f30fa9eecc0                           Options.bloom_locality: 0
2024/07/19-16:59:05.845157 7f30fa9eecc0                    Options.max_successive_merges: 0
2024/07/19-16:59:05.845157 7f30fa9eecc0                Options.optimize_filters_for_hits: 0
2024/07/19-16:59:05.845158 7f30fa9eecc0                Options.paranoid_file_checks: 0
2024/07/19-16:59:05.845158 7f30fa9eecc0                Options.force_consistency_checks: 1
2024/07/19-16:59:05.845159 7f30fa9eecc0                Options.report_bg_io_stats: 0
2024/07/19-16:59:05.845159 7f30fa9eecc0                               Options.ttl: 2592000
2024/07/19-16:59:05.845160 7f30fa9eecc0          Options.periodic_compaction_seconds: 0
2024/07/19-16:59:05.845160 7f30fa9eecc0                    Options.enable_blob_files: false
2024/07/19-16:59:05.845161 7f30fa9eecc0                        Options.min_blob_size: 0
2024/07/19-16:59:05.845161 7f30fa9eecc0                       Options.blob_file_size: 268435456
2024/07/19-16:59:05.845162 7f30fa9eecc0                Options.blob_compression_type: NoCompression
2024/07/19-16:59:05.845162 7f30fa9eecc0       Options.enable_blob_garbage_collection: false
2024/07/19-16:59:05.845163 7f30fa9eecc0   Options.blob_garbage_collection_age_cutoff: 0.250000
2024/07/19-16:59:05.845479 7f30fa9eecc0 [db/column_family.cc:595] --------------- Options for column family [RB]:
2024/07/19-16:59:05.845483 7f30fa9eecc0               Options.comparator: leveldb.BytewiseComparator
2024/07/19-16:59:05.845484 7f30fa9eecc0           Options.merge_operator: None
2024/07/19-16:59:05.845485 7f30fa9eecc0        Options.compaction_filter: filter_outdated
2024/07/19-16:59:05.845486 7f30fa9eecc0        Options.compaction_filter_factory: None
2024/07/19-16:59:05.845486 7f30fa9eecc0  Options.sst_partitioner_factory: None
2024/07/19-16:59:05.845487 7f30fa9eecc0         Options.memtable_factory: SkipListFactory
2024/07/19-16:59:05.845487 7f30fa9eecc0            Options.table_factory: BlockBasedTable
2024/07/19-16:59:05.845500 7f30fa9eecc0            table_factory options:   flush_block_policy_factory: FlushBlockBySizePolicyFactory (0x56252a966860)
  cache_index_and_filter_blocks: 0
  cache_index_and_filter_blocks_with_high_priority: 1
  pin_l0_filter_and_index_blocks_in_cache: 0
  pin_top_level_index_and_filter: 1
  index_type: 0
  data_block_index_type: 0
  index_shortening: 1
  data_block_hash_table_util_ratio: 0.750000
  hash_index_allow_collision: 1
  checksum: 1
  no_block_cache: 0
  block_cache: 0x56252a9668b0
  block_cache_name: LRUCache
  block_cache_options:
    capacity : 8388608
    num_shard_bits : 4
    strict_capacity_limit : 0
    memory_allocator : None
    high_pri_pool_ratio: 0.000
  block_cache_compressed: (nil)
  persistent_cache: (nil)
  block_size: 4096
  block_size_deviation: 10
  block_restart_interval: 16
  index_block_restart_interval: 1
  metadata_block_size: 4096
  partition_filters: 0
  use_delta_encoding: 1
  filter_policy: nullptr
  whole_key_filtering: 1
  verify_compression: 0
  read_amp_bytes_per_bit: 0
  format_version: 4
  enable_index_compression: 1
  block_align: 0
2024/07/19-16:59:05.845501 7f30fa9eecc0        Options.write_buffer_size: 67108864
2024/07/19-16:59:05.845527 7f30fa9eecc0  Options.max_write_buffer_number: 2
2024/07/19-16:59:05.845529 7f30fa9eecc0          Options.compression: NoCompression
2024/07/19-16:59:05.845529 7f30fa9eecc0                  Options.bottommost_compression: Disabled
2024/07/19-16:59:05.845530 7f30fa9eecc0       Options.prefix_extractor: nullptr
2024/07/19-16:59:05.845530 7f30fa9eecc0   Options.memtable_insert_with_hint_prefix_extractor: nullptr
2024/07/19-16:59:05.845531 7f30fa9eecc0             Options.num_levels: 7
2024/07/19-16:59:05.845531 7f30fa9eecc0        Options.min_write_buffer_number_to_merge: 1
2024/07/19-16:59:05.845532 7f30fa9eecc0     Options.max_write_buffer_number_to_maintain: 0
2024/07/19-16:59:05.845532 7f30fa9eecc0     Options.max_write_buffer_size_to_maintain: 0
2024/07/19-16:59:05.845533 7f30fa9eecc0            Options.bottommost_compression_opts.window_bits: -14
2024/07/19-16:59:05.845533 7f30fa9eecc0                  Options.bottommost_compression_opts.level: 32767
2024/07/19-16:59:05.845534 7f30fa9eecc0               Options.bottommost_compression_opts.strategy: 0
2024/07/19-16:59:05.845534 7f30fa9eecc0         Options.bottommost_compression_opts.max_dict_bytes: 0
2024/07/19-16:59:05.845535 7f30fa9eecc0         Options.bottommost_compression_opts.zstd_max_train_bytes: 0
2024/07/19-16:59:05.845535 7f30fa9eecc0         Options.bottommost_compression_opts.parallel_threads: 1
2024/07/19-16:59:05.845536 7f30fa9eecc0                  Options.bottommost_compression_opts.enabled: false
2024/07/19-16:59:05.845536 7f30fa9eecc0            Options.compression_opts.window_bits: -14
2024/07/19-16:59:05.845537 7f30fa9eecc0                  Options.compression_opts.level: 32767
2024/07/19-16:59:05.845537 7f30fa9eecc0               Options.compression_opts.strategy: 0
2024/07/19-16:59:05.845537 7f30fa9eecc0         Options.compression_opts.max_dict_bytes: 0
2024/07/19-16:59:05.845538 7f30fa9eecc0         Options.compression_opts.zstd_max_train_bytes: 0
2024/07/19-16:59:05.845538 7f30fa9eecc0         Options.compression_opts.parallel_threads: 1
2024/07/19-16:59:05.845539 7f30fa9eecc0                  Options.compression_opts.enabled: false
2024/07/19-16:59:05.845539 7f30fa9eecc0      Options.level0_file_num_compaction_trigger: 4
2024/07/19-16:59:05.845540 7f30fa9eecc0          Options.level0_slowdown_writes_trigger: 20
2024/07/19-16:59:05.845540 7f30fa9eecc0              Options.level0_stop_writes_trigger: 36
2024/07/19-16:59:05.845541 7f30fa9eecc0                   Options.target_file_size_base: 67108864
2024/07/19-16:59:05.845541 7f30fa9eecc0             Options.target_file_size_multiplier: 1
2024/07/19-16:59:05.845541 7f30fa9eecc0                Options.max_bytes_for_level_base: 268435456
2024/07/19-16:59:05.845542 7f30fa9eecc0 Options.level_compaction_dynamic_level_bytes: 0
2024/07/19-16:59:05.845542 7f30fa9eecc0          Options.max_bytes_for_level_multiplier: 10.000000
2024/07/19-16:59:05.845544 7f30fa9eecc0 Options.max_bytes_for_level_multiplier_addtl[0]: 1
2024/07/19-16:59:05.845544 7f30fa9eecc0 Options.max_bytes_for_level_multiplier_addtl[1]: 1
2024/07/19-16:59:05.845545 7f30fa9eecc0 Options.max_bytes_for_level_multiplier_addtl[2]: 1
2024/07/19-16:59:05.845545 7f30fa9eecc0 Options.max_bytes_for_level_multiplier_addtl[3]: 1
2024/07/19-16:59:05.845546 7f30fa9eecc0 Options.max_bytes_for_level_multiplier_addtl[4]: 1
2024/07/19-16:59:05.845546 7f30fa9eecc0 Options.max_bytes_for_level_multiplier_addtl[5]: 1
2024/07/19-16:59:05.845547 7f30fa9eecc0 Options.max_bytes_for_level_multiplier_addtl[6]: 1
2024/07/19-16:59:05.845547 7f30fa9eecc0       Options.max_sequential_skip_in_iterations: 8
2024/07/19-16:59:05.845548 7f30fa9eecc0                    Options.max_compaction_bytes: 1677721600
2024/07/19-16:59:05.845548 7f30fa9eecc0                        Options.arena_block_size: 8388608
2024/07/19-16:59:05.845549 7f30fa9eecc0   Options.soft_pending_compaction_bytes_limit: 68719476736
2024/07/19-16:59:05.845549 7f30fa9eecc0   Options.hard_pending_compaction_bytes_limit: 274877906944
2024/07/19-16:59:05.845553 7f30fa9eecc0       Options.rate_limit_delay_max_milliseconds: 100
2024/07/19-16:59:05.845553 7f30fa9eecc0                Options.disable_auto_compactions: 1
2024/07/19-16:59:05.845554 7f30fa9eecc0                        Options.compaction_style: kCompactionStyleLevel
2024/07/19-16:59:05.845555 7f30fa9eecc0                          Options.compaction_pri: kMinOverlappingRatio
2024/07/19-16:59:05.845556 7f30fa9eecc0 Options.compaction_options_universal.size_ratio: 1
2024/07/19-16:59:05.845556 7f30fa9eecc0 Options.compaction_options_universal.min_merge_width: 2
2024/07/19-16:59:05.845557 7f30fa9eecc0 Options.compaction_options_universal.max_merge_width: 4294967295
2024/07/19-16:59:05.845557 7f30fa9eecc0 Options.compaction_options_universal.max_size_amplification_percent: 200
2024/07/19-16:59:05.845558 7f30fa9eecc0 Options.compaction_options_universal.compression_size_percent: -1
2024/07/19-16:59:05.845558 7f30fa9eecc0 Options.compaction_options_universal.stop_style: kCompactionStopStyleTotalSize
2024/07/19-16:59:05.845559 7f30fa9eecc0 Options.compaction_options_fifo.max_table_files_size: 1073741824
2024/07/19-16:59:05.845559 7f30fa9eecc0 Options.compaction_options_fifo.allow_compaction: 0
2024/07/19-16:59:05.845561 7f30fa9eecc0                   Options.table_properties_collectors: 
2024/07/19-16:59:05.845562 7f30fa9eecc0                   Options.inplace_update_support: 0
2024/07/19-16:59:05.845562 7f30fa9eecc0                 Options.inplace_update_num_locks: 10000
2024/07/19-16:59:05.845563 7f30fa9eecc0               Options.memtable_prefix_bloom_size_ratio: 0.000000
2024/07/19-16:59:05.845563 7f30fa9eecc0               Options.memtable_whole_key_filtering: 0
2024/07/19-16:59:05.845564 7f30fa9eecc0   Options.memtable_huge_page_size: 0
2024/07/19-16:59:05.845564 7f30fa9eecc0                           Options.bloom_locality: 0
2024/07/19-16:59:05.845565 7f30fa9eecc0                    Options.max_successive_merges: 0
2024/07/19-16:59:05.845565 7f30fa9eecc0                Options.optimize_filters_for_hits: 0
2024/07/19-16:59:05.845566 7f30fa9eecc0                Options.paranoid_file_checks: 0
2024/07/19-16:59:05.845566 7f30fa9eecc0                Options.force_consistency_checks: 1
2024/07/19-16:59:05.845567 7f30fa9eecc0                Options.report_bg_io_stats: 0
2024/07/19-16:59:05.845567 7f30fa9eecc0                               Options.ttl: 2592000
2024/07/19-16:59:05.845568 7f30fa9eecc0          Options.periodic_compaction_seconds: 2592000
2024/07/19-16:59:05.845568 7f30fa9eecc0                    Options.enable_blob_files: false
2024/07/19-16:59:05.845569 7f30fa9eecc0                        Options.min_blob_size: 0
2024/07/19-16:59:05.845569 7f30fa9eecc0                       Options.blob_file_size: 268435456
2024/07/19-16:59:05.845570 7f30fa9eecc0                Options.blob_compression_type: NoCompression
2024/07/19-16:59:05.845570 7f30fa9eecc0       Options.enable_blob_garbage_collection: false
2024/07/19-16:59:05.845571 7f30fa9eecc0   Options.blob_garbage_collection_age_cutoff: 0.250000
2024/07/19-16:59:05.845606 7f30fa9eecc0 [db/column_family.cc:595] --------------- Options for column family [FZ]:
2024/07/19-16:59:05.845608 7f30fa9eecc0               Options.comparator: leveldb.BytewiseComparator
2024/07/19-16:59:05.845608 7f30fa9eecc0           Options.merge_operator: None
2024/07/19-16:59:05.845609 7f30fa9eecc0        Options.compaction_filter: filter_outdated
2024/07/19-16:59:05.845610 7f30fa9eecc0        Options.compaction_filter_factory: None
2024/07/19-16:59:05.845610 7f30fa9eecc0  Options.sst_partitioner_factory: None
2024/07/19-16:59:05.845611 7f30fa9eecc0         Options.memtable_factory: SkipListFactory
2024/07/19-16:59:05.845611 7f30fa9eecc0            Options.table_factory: BlockBasedTable
2024/07/19-16:59:05.845621 7f30fa9eecc0            table_factory options:   flush_block_policy_factory: FlushBlockBySizePolicyFactory (0x56252a968b10)
  cache_index_and_filter_blocks: 0
  cache_index_and_filter_blocks_with_high_priority: 1
  pin_l0_filter_and_index_blocks_in_cache: 0
  pin_top_level_index_and_filter: 1
  index_type: 0
  data_block_index_type: 0
  index_shortening: 1
  data_block_hash_table_util_ratio: 0.750000
  hash_index_allow_collision: 1
  checksum: 1
  no_block_cache: 0
  block_cache: 0x56252a968b60
  block_cache_name: LRUCache
  block_cache_options:
    capacity : 8388608
    num_shard_bits : 4
    strict_capacity_limit : 0
    memory_allocator : None
    high_pri_pool_ratio: 0.000
  block_cache_compressed: (nil)
  persistent_cache: (nil)
  block_size: 4096
  block_size_deviation: 10
  block_restart_interval: 16
  index_block_restart_interval: 1
  metadata_block_size: 4096
  partition_filters: 0
  use_delta_encoding: 1
  filter_policy: nullptr
  whole_key_filtering: 1
  verify_compression: 0
  read_amp_bytes_per_bit: 0
  format_version: 4
  enable_index_compression: 1
  block_align: 0
2024/07/19-16:59:05.845629 7f30fa9eecc0        Options.write_buffer_size: 67108864
2024/07/19-16:59:05.845629 7f30fa9eecc0  Options.max_write_buffer_number: 2
2024/07/19-16:59:05.845630 7f30fa9eecc0          Options.compression: NoCompression
2024/07/19-16:59:05.845630 7f30fa9eecc0                  Options.bottommost_compression: Disabled
2024/07/19-16:59:05.845631 7f30fa9eecc0       Options.prefix_extractor: nullptr
2024/07/19-16:59:05.845631 7f30fa9eecc0   Options.memtable_insert_with_hint_prefix_extractor: nullptr
2024/07/19-16:59:05.845632 7f30fa9eecc0             Options.num_levels: 7
2024/07/19-16:59:05.845632 7f30fa9eecc0        Options.min_write_buffer_number_to_merge: 1
2024/07/19-16:59:05.845633 7f30fa9eecc0     Options.max_write_buffer_number_to_maintain: 0
2024/07/19-16:59:05.845633 7f30fa9eecc0     Options.max_write_buffer_size_to_maintain: 0
2024/07/19-16:59:05.845634 7f30fa9eecc0            Options.bottommost_compression_opts.window_bits: -14
2024/07/19-16:59:05.845634 7f30fa9eecc0                  Options.bottommost_compression_opts.level: 32767
2024/07/19-16:59:05.845635 7f30fa9eecc0               Options.bottommost_compression_opts.strategy: 0
2024/07/19-16:59:05.845635 7f30fa9eecc0         Options.bottommost_compression_opts.max_dict_bytes: 0
2024/07/19-16:59:05.845636 7f30fa9eecc0         Options.bottommost_compression_opts.zstd_max_train_bytes: 0
2024/07/19-16:59:05.845636 7f30fa9eecc0         Options.bottommost_compression_opts.parallel_threads: 1
2024/07/19-16:59:05.845636 7f30fa9eecc0                  Options.bottommost_compression_opts.enabled: false
2024/07/19-16:59:05.845637 7f30fa9eecc0            Options.compression_opts.window_bits: -14
2024/07/19-16:59:05.845637 7f30fa9eecc0                  Options.compression_opts.level: 32767
2024/07/19-16:59:05.845638 7f30fa9eecc0               Options.compression_opts.strategy: 0
2024/07/19-16:59:05.845638 7f30fa9eecc0         Options.compression_opts.max_dict_bytes: 0
2024/07/19-16:59:05.845639 7f30fa9eecc0         Options.compression_opts.zstd_max_train_bytes: 0
2024/07/19-16:59:05.845639 7f30fa9eecc0         Options.compression_opts.parallel_threads: 1
2024/07/19-16:59:05.845640 7f30fa9eecc0                  Options.compression_opts.enabled: false
2024/07/19-16:59:05.845640 7f30fa9eecc0      Options.level0_file_num_compaction_trigger: 4
2024/07/19-16:59:05.845640 7f30fa9eecc0          Options.level0_slowdown_writes_trigger: 20
2024/07/19-16:59:05.845641 7f30fa9eecc0              Options.level0_stop_writes_trigger: 36
2024/07/19-16:59:05.845641 7f30fa9eecc0                   Options.target_file_size_base: 67108864
2024/07/19-16:59:05.845642 7f30fa9eecc0             Options.target_file_size_multiplier: 1
2024/07/19-16:59:05.845642 7f30fa9eecc0                Options.max_bytes_for_level_base: 268435456
2024/07/19-16:59:05.845643 7f30fa9eecc0 Options.level_compaction_dynamic_level_bytes: 0
2024/07/19-16:59:05.845643 7f30fa9eecc0          Options.max_bytes_for_level_multiplier: 10.000000
2024/07/19-16:59:05.845644 7f30fa9eecc0 Options.max_bytes_for_level_multiplier_addtl[0]: 1
2024/07/19-16:59:05.845645 7f30fa9eecc0 Options.max_bytes_for_level_multiplier_addtl[1]: 1
2024/07/19-16:59:05.845645 7f30fa9eecc0 Options.max_bytes_for_level_multiplier_addtl[2]: 1
2024/07/19-16:59:05.845648 7f30fa9eecc0 Options.max_bytes_for_level_multiplier_addtl[3]: 1
2024/07/19-16:59:05.845670 7f30fa9eecc0 Options.max_bytes_for_level_multiplier_addtl[4]: 1
2024/07/19-16:59:05.845670 7f30fa9eecc0 Options.max_bytes_for_level_multiplier_addtl[5]: 1
2024/07/19-16:59:05.845671 7f30fa9eecc0 Options.max_bytes_for_level_multiplier_addtl[6]: 1
2024/07/19-16:59:05.845672 7f30fa9eecc0       Options.max_sequential_skip_in_iterations: 8
2024/07/19-16:59:05.845672 7f30fa9eecc0                    Options.max_compaction_bytes: 1677721600
2024/07/19-16:59:05.845673 7f30fa9eecc0                        Options.arena_block_size: 8388608
2024/07/19-16:59:05.845674 7f30fa9eecc0   Options.soft_pending_compaction_bytes_limit: 68719476736
2024/07/19-16:59:05.845674 7f30fa9eecc0   Options.hard_pending_compaction_bytes_limit: 274877906944
2024/07/19-16:59:05.845675 7f30fa9eecc0       Options.rate_limit_delay_max_milliseconds: 100
2024/07/19-16:59:05.845675 7f30fa9eecc0                Options.disable_auto_compactions: 1
2024/07/19-16:59:05.845676 7f30fa9eecc0                        Options.compaction_style: kCompactionStyleLevel
2024/07/19-16:59:05.845676 7f30fa9eecc0                          Options.compaction_pri: kMinOverlappingRatio
2024/07/19-16:59:05.845677 7f30fa9eecc0 Options.compaction_options_universal.size_ratio: 1
2024/07/19-16:59:05.845677 7f30fa9eecc0 Options.compaction_options_universal.min_merge_width: 2
2024/07/19-16:59:05.845678 7f30fa9eecc0 Options.compaction_options_universal.max_merge_width: 4294967295
2024/07/19-16:59:05.845678 7f30fa9eecc0 Options.compaction_options_universal.max_size_amplification_percent: 200
2024/07/19-16:59:05.845679 7f30fa9eecc0 Options.compaction_options_universal.compression_size_percent: -1
2024/07/19-16:59:05.845679 7f30fa9eecc0 Options.compaction_options_universal.stop_style: kCompactionStopStyleTotalSize
2024/07/19-16:59:05.845680 7f30fa9eecc0 Options.compaction_options_fifo.max_table_files_size: 1073741824
2024/07/19-16:59:05.845680 7f30fa9eecc0 Options.compaction_options_fifo.allow_compaction: 0
2024/07/19-16:59:05.845681 7f30fa9eecc0                   Options.table_properties_collectors: 
2024/07/19-16:59:05.845682 7f30fa9eecc0                   Options.inplace_update_support: 0
2024/07/19-16:59:05.845682 7f30fa9eecc0                 Options.inplace_update_num_locks: 10000
2024/07/19-16:59:05.845683 7f30fa9eecc0               Options.memtable_prefix_bloom_size_ratio: 0.000000
2024/07/19-16:59:05.845683 7f30fa9eecc0               Options.memtable_whole_key_filtering: 0
2024/07/19-16:59:05.845684 7f30fa9eecc0   Options.memtable_huge_page_size: 0
2024/07/19-16:59:05.845684 7f30fa9eecc0                           Options.bloom_locality: 0
2024/07/19-16:59:05.845685 7f30fa9eecc0                    Options.max_successive_merges: 0
2024/07/19-16:59:05.845685 7f30fa9eecc0                Options.optimize_filters_for_hits: 0
2024/07/19-16:59:05.845686 7f30fa9eecc0                Options.paranoid_file_checks: 0
2024/07/19-16:59:05.845686 7f30fa9eecc0                Options.force_consistency_checks: 1
2024/07/19-16:59:05.845687 7f30fa9eecc0                Options.report_bg_io_stats: 0
2024/07/19-16:59:05.845687 7f30fa9eecc0                               Options.ttl: 2592000
2024/07/19-16:59:05.845687 7f30fa9eecc0          Options.periodic_compaction_seconds: 2592000
2024/07/19-16:59:05.845688 7f30fa9eecc0                    Options.enable_blob_files: false
2024/07/19-16:59:05.845688 7f30fa9eecc0                        Options.min_blob_size: 0
2024/07/19-16:59:05.845689 7f30fa9eecc0                       Options.blob_file_size: 268435456
2024/07/19-16:59:05.845689 7f30fa9eecc0                Options.blob_compression_type: NoCompression
2024/07/19-16:59:05.845690 7f30fa9eecc0       Options.enable_blob_garbage_collection: false
2024/07/19-16:59:05.845690 7f30fa9eecc0   Options.blob_garbage_collection_age_cutoff: 0.250000
2024/07/19-16:59:05.845711 7f30fa9eecc0 [db/column_family.cc:595] --------------- Options for column family [NZ]:
2024/07/19-16:59:05.845715 7f30fa9eecc0               Options.comparator: leveldb.BytewiseComparator
2024/07/19-16:59:05.845716 7f30fa9eecc0           Options.merge_operator: None
2024/07/19-16:59:05.845717 7f30fa9eecc0        Options.compaction_filter: filter_outdated
2024/07/19-16:59:05.845717 7f30fa9eecc0        Options.compaction_filter_factory: None
2024/07/19-16:59:05.845718 7f30fa9eecc0  Options.sst_partitioner_factory: None
2024/07/19-16:59:05.845718 7f30fa9eecc0         Options.memtable_factory: SkipListFactory
2024/07/19-16:59:05.845718 7f30fa9eecc0            Options.table_factory: BlockBasedTable
2024/07/19-16:59:05.845727 7f30fa9eecc0            table_factory options:   flush_block_policy_factory: FlushBlockBySizePolicyFactory (0x56252a96ada0)
  cache_index_and_filter_blocks: 0
  cache_index_and_filter_blocks_with_high_priority: 1
  pin_l0_filter_and_index_blocks_in_cache: 0
  pin_top_level_index_and_filter: 1
  index_type: 0
  data_block_index_type: 0
  index_shortening: 1
  data_block_hash_table_util_ratio: 0.750000
  hash_index_allow_collision: 1
  checksum: 1
  no_block_cache: 0
  block_cache: 0x56252a96adf0
  block_cache_name: LRUCache
  block_cache_options:
    capacity : 8388608
    num_shard_bits : 4
    strict_capacity_limit : 0
    memory_allocator : None
    high_pri_pool_ratio: 0.000
  block_cache_compressed: (nil)
  persistent_cache: (nil)
  block_size: 4096
  block_size_deviation: 10
  block_restart_interval: 16
  index_block_restart_interval: 1
  metadata_block_size: 4096
  partition_filters: 0
  use_delta_encoding: 1
  filter_policy: nullptr
  whole_key_filtering: 1
  verify_compression: 0
  read_amp_bytes_per_bit: 0
  format_version: 4
  enable_index_compression: 1
  block_align: 0
2024/07/19-16:59:05.845729 7f30fa9eecc0        Options.write_buffer_size: 67108864
2024/07/19-16:59:05.845730 7f30fa9eecc0  Options.max_write_buffer_number: 2
2024/07/19-16:59:05.845730 7f30fa9eecc0          Options.compression: NoCompression
2024/07/19-16:59:05.845731 7f30fa9eecc0                  Options.bottommost_compression: Disabled
2024/07/19-16:59:05.845731 7f30fa9eecc0       Options.prefix_extractor: nullptr
2024/07/19-16:59:05.845732 7f30fa9eecc0   Options.memtable_insert_with_hint_prefix_extractor: nullptr
2024/07/19-16:59:05.845732 7f30fa9eecc0             Options.num_levels: 7
2024/07/19-16:59:05.845733 7f30fa9eecc0        Options.min_write_buffer_number_to_merge: 1
2024/07/19-16:59:05.845733 7f30fa9eecc0     Options.max_write_buffer_number_to_maintain: 0
2024/07/19-16:59:05.845734 7f30fa9eecc0     Options.max_write_buffer_size_to_maintain: 0
2024/07/19-16:59:05.845734 7f30fa9eecc0            Options.bottommost_compression_opts.window_bits: -14
2024/07/19-16:59:05.845735 7f30fa9eecc0                  Options.bottommost_compression_opts.level: 32767
2024/07/19-16:59:05.845735 7f30fa9eecc0               Options.bottommost_compression_opts.strategy: 0
2024/07/19-16:59:05.845735 7f30fa9eecc0         Options.bottommost_compression_opts.max_dict_bytes: 0
